[cam_0]
name = "A"
size = [ 1920, 1080,]
matrix = [ [ 1407.9808702243804, 0.0, 959.5,], [ 0.0, 1407.9808702243804, 539.5,], [ 0.0, 0.0, 1.0,],]
distortions = [ 0.10063142442331331, 0.0, 0.0, 0.0, 0.0,]
rotation = [ -0.000761715822900784, -0.0001557944098265092, -0.004715539187132088,]
translation = [ 1.3494398264458694, 0.5710891639510157, 2.5548842630370507,]

[cam_1]
name = "B"
size = [ 1920, 1080,]
matrix = [ [ 1459.8983743079236, 0.0, 959.5,], [ 0.0, 1459.8983743079236, 539.5,], [ 0.0, 0.0, 1.0,],]
distortions = [ 0.19834323724777775, 0.0, 0.0, 0.0, 0.0,]
rotation = [ 0.48230548761155323, -1.363311756142936, -1.0778659282032703,]
translation = [ 498.04474053983824, -84.37404887904711, 995.1942067323915,]

[cam_2]
name = "C"
size = [ 1920, 1080,]
matrix = [ [ 1417.3424345621715, 0.0, 959.5,], [ 0.0, 1417.3424345621715, 539.5,], [ 0.0, 0.0, 1.0,],]
distortions = [ 0.06307999854907334, 0.0, 0.0, 0.0, 0.0,]
rotation = [ 0.3306625634198508, -2.293967535020568, -1.2432509242058032,]
translation = [ 443.0651863811471, -461.68484085856244, 1029.5270987711335,]

[metadata]
adjusted = false
error = 0.49281375667823046
