[cam_0]
name = "A"
size = [ 1920, 1080,]
matrix = [ [ 1172.2074293243206, 0.0, 959.5,], [ 0.0, 1172.2074293243206, 539.5,], [ 0.0, 0.0, 1.0,],]
distortions = [ 0.07267046203848546, 0.0, 0.0, 0.0, 0.0,]
rotation = [ 0.06021185072094907, -0.07037132767547322, -0.02966996721559872,]
translation = [ -39.14810572982806, -17.455178641192237, 29.277341263521418,]

[cam_1]
name = "B"
size = [ 1920, 1080,]
matrix = [ [ 1124.1109843170866, 0.0, 959.5,], [ 0.0, 1124.1109843170866, 539.5,], [ 0.0, 0.0, 1.0,],]
distortions = [ 0.09927159571314997, 0.0, 0.0, 0.0, 0.0,]
rotation = [ -0.14702296155804845, -1.3890244426811051, -0.7003945844994822,]
translation = [ 521.3868330980233, -344.35889434562955, 594.5377664312067,]

[cam_2]
name = "C"
size = [ 1920, 1080,]
matrix = [ [ 1142.441285596029, 0.0, 959.5,], [ 0.0, 1142.441285596029, 539.5,], [ 0.0, 0.0, 1.0,],]
distortions = [ 0.14954273380606353, 0.0, 0.0, 0.0, 0.0,]
rotation = [ 0.25533404536667376, 2.578286101768899, 1.5882212994516183,]
translation = [ -120.2000069761254, -657.3988489337579, 978.1121478872063,]

[cam_3]
name = "D"
size = [ 1920, 1080,]
matrix = [ [ 1138.6777974095817, 0.0, 959.5,], [ 0.0, 1138.6777974095817, 539.5,], [ 0.0, 0.0, 1.0,],]
distortions = [ 0.12530163640217656, 0.0, 0.0, 0.0, 0.0,]
rotation = [ -0.3849063552816148, 1.5600961092950927, 0.24387640559141757,]
translation = [ -606.6491981063592, -359.6138460504505, 617.3443927768836,]

[metadata]
adjusted = false
error = 0.17601023438729518
