[cam_0]
name = "A"
size = [ 1920, 1080,]
matrix = [ [ 1456.5700039145513, 0.0, 959.5,], [ 0.0, 1456.5700039145513, 539.5,], [ 0.0, 0.0, 1.0,],]
distortions = [ 0.07335461497595847, 0.0, 0.0, 0.0, 0.0,]
rotation = [ -0.0035567837113680808, -0.0009926236447054737, -0.0016324810249587084,]
translation = [ 1.0600085309363445, -1.0146672675174553, 2.602165644218607,]

[cam_1]
name = "B"
size = [ 1920, 1080,]
matrix = [ [ 1459.056873348534, 0.0, 959.5,], [ 0.0, 1459.056873348534, 539.5,], [ 0.0, 0.0, 1.0,],]
distortions = [ 0.03806352911157644, 0.0, 0.0, 0.0, 0.0,]
rotation = [ 0.48630770377818155, -1.3729868096540356, -1.0727080555559767,]
translation = [ 508.49810811106687, -86.97939966055492, 986.935868194023,]

[cam_2]
name = "C"
size = [ 1920, 1080,]
matrix = [ [ 1471.7487733976286, 0.0, 959.5,], [ 0.0, 1471.7487733976286, 539.5,], [ 0.0, 0.0, 1.0,],]
distortions = [ 0.07574559617171565, 0.0, 0.0, 0.0, 0.0,]
rotation = [ 0.3354387443439301, -2.308946760179082, -1.2302267867240633,]
translation = [ 443.4409909918169, -463.2242329665159, 1066.7801386917624,]

[metadata]
adjusted = false
error = 0.24521090117054475
